153,  29, 148,  69, 161, 146, 221, 235, 225,  50,  67,  51,  26, 205,  70, 175
210,  45, 169,  44,   9, 220,  32,  30,  71,  45, 207,   7,  96,  34, 220,  11
137, 229, 219, 157,  11, 152,  50,  68, 149,  23, 206, 145,  58, 113,  67,  99
 22, 166, 188,  21,  66, 209,   4, 199,  63, 224, 179,  41,  94,   7,  57,  67
106, 218, 193, 129, 107,  91, 149,  86, 253,  44, 217,  43,  46, 106, 178,  68
104,  98, 223, 144, 145, 105,  93, 250,  80, 202,  59, 133,  21, 149,  70, 237
131,  67,  88,  79, 118, 239, 167, 186, 127,  81, 245, 100, 187, 163,  64, 157
119,  53, 121, 228, 137,  67,  73, 121,  95,  84, 172, 236, 184, 218, 121, 163
 61,   9,  98, 176,  46,  41,  48,  80, 233, 253, 150, 234,  95,  28,  90, 154
 89, 240, 110, 127, 251, 193, 212,   9,  90, 181, 228, 209,  17, 198, 114,  38
108, 181, 176, 200, 199,  50, 242, 186, 203, 255, 149, 173,  81,  17,  61,  93
 11, 241, 188,  36,  10, 119,  82,  98, 142, 255,  45,  65, 196, 251,  49, 118
 29, 161,  24,  16,  24,  89, 245, 221,  97, 213, 151, 138, 171, 167, 153, 255
234,  34, 166, 201, 160, 120, 245,  66,  18,  94,  14, 150,   7,  93, 188,  38
235,  89,  71,  89,  59,  19,  15,  70, 100, 135,  24, 236,   7, 152, 141, 145
241,  21, 169, 115,  37, 151,  24, 170,  55,  48, 139, 121,  36, 215, 199,  74
111,  83, 180,  52, 207,  44,  57,  95,  30, 236, 210, 179, 217, 194,   1,  37
104, 178,  65, 208, 201, 154,  60,  45, 191,  32, 179, 154,  48, 174, 109,   6
233, 100, 117, 246, 214, 145, 235,   0, 120,  37,  99,  65, 229, 232, 153, 173
 23, 194, 221, 211, 203,  33,  21,  72,   1, 247, 180,  35, 245, 199,  19,  57
  2, 125, 127,  74, 171, 139, 201, 121, 147, 174,  88,  73, 117, 126,  54, 211
140, 110,  63,  44, 249,  52, 140, 130, 201, 249,  70,  17, 147, 248,  29, 142
217, 107,  74, 246,  39,  74,  42,  21,  35, 186,  52, 206, 158, 120, 194, 119
 71, 106, 213, 166, 107,  63, 249, 184, 111,  90,  57,  85,  61,  18, 175, 228
185, 149, 212,  19, 242, 145,  91, 176,  83, 111, 207,  78, 150, 128, 148,  68
 30, 128, 148,  34, 116,  22, 168,  36,  28,  63,  11, 171, 114,  96, 129,   3
225,  56,  35, 166,  42,  85, 171,  83,   5,  20, 221, 122,  64, 197, 195, 236
252,  27, 199,  33, 103, 132, 153,  56, 228, 227,  47, 200,  36,  51, 104, 139
124, 200, 182, 207,  74, 186,  45, 202,  11, 101, 156, 123, 103, 107,  53,  28
111, 237, 112, 161, 110, 193, 245, 183,  32, 226,  14,  90, 142, 216,  21,  92
136,  13, 220,  75, 222,  34, 121,  16,  35, 190, 160,  28,  82, 219, 184, 121
 97,   6, 252,  60,  12,  66,  35, 193, 130,  57,  88,   0,  71, 116,  25, 198
  1, 197,  66, 173, 210,  59, 235,  81,  56, 221,  15,  65,  39,  19,  57, 122
 53, 248, 159, 133, 168, 178,  87,   9, 153, 241, 135, 250,  42,  93, 207, 136
175, 253, 247, 221, 193, 106, 193, 182, 125, 203, 248, 227,  18, 111, 204, 214
161, 138, 229, 128, 126,   9,  82, 171,  43,  93, 197, 218,  53,  12, 159, 206
191, 107,  60, 136, 166, 144, 202, 198,  76, 224,  51, 236, 125, 174, 183, 157
221, 101, 225, 149,  40,  13, 148, 151, 146, 180, 181, 111, 194, 151,  95,  90
204, 147, 182,  43,  52, 252,   0,  92,  61,   7, 124, 244,  73,  60,  50,  32
 71,   8,  17, 133, 235,  17,  73, 214, 181, 182, 105, 188,  38,  20,  34,  67
216,  21, 125, 108, 209,  35,  71, 252, 153,  81,  19, 223,  83,  94, 113,  19
  4,  43, 197, 146, 191,  37, 190, 132, 220,  50, 155,  93,  93, 204, 240, 234
 82, 142, 212,  65, 187, 137, 244, 133, 150, 191,  82,  61,  12, 161,  95, 114
114, 158,  71, 252, 135, 164,  15, 173, 224,   2, 210,  19, 109, 183, 188, 199
108,  66, 247, 226,  76, 213,  71,  15, 128,  98,  49, 131, 219, 186, 249, 225
  2,  43, 170,  91, 201, 154, 197,  70, 237, 221, 178, 133, 109, 247,  24,  94
115, 141, 128, 194, 231, 155, 124, 189,  31,  95, 238, 119, 195, 177, 169, 170
185, 255, 131, 169, 156, 127, 223,  69, 165,  80, 175,  92,  28,   0, 254, 129
154, 113, 253, 107, 175, 188,  86, 226, 149,  13, 143, 105, 159, 243,  99, 229
233, 127, 253, 228,  42, 111,  16, 251, 156, 171,  87,  52, 238, 122,  17, 155
109, 224, 237, 105, 253, 248,  67, 137, 163,  49,   5,  58, 100, 200, 231, 129
 59,  33, 118, 204,  62,  66,  32, 156, 226, 153,  27,  26, 161,  65,  17,  68
200, 175, 184,  83,  31,  46,  14,  43, 244, 110, 228,   9,  65, 199, 197, 190
 42, 148, 161, 110, 190, 180, 138, 230, 203,  82, 159,  35,  17,  99, 148, 133
132, 188, 192, 155,  35, 112, 190,  20, 125,  29, 203,  98,  35, 220, 205,  38
120,  37, 162,  29, 192,  24, 170, 212, 173,  80, 189, 132, 142, 229, 136, 228
250, 109, 127,  70,  64,  26,  71,  11, 234, 118, 216, 130, 174,   6, 198, 253
162,  25,   6,  18,  50, 140, 180, 184,  90, 206,  17, 151, 240,  46, 147,  36
 10, 220, 247,   5, 112, 255, 250, 105, 255,  20,  76,  12, 148, 146, 183,  94
154, 147, 194, 225, 221,  96, 128,  72,  71, 206, 189,  15, 135,  93,  58,  45
 51,   8, 243, 197, 241, 136,  60,  55, 255,  86,  67,  65,  89,  25, 156,  16
214, 211,  92, 107,  24,  85, 123,  38, 241, 177,  87, 231, 176, 248, 107, 221
109,  21,  67, 119, 185, 192,  34, 126,  91, 243, 126,  39,  74, 136,  77, 171
230,  81,  53,  55,   6,  95, 125, 204, 132,  29,  29, 249,  27, 136, 189, 185
 84,  52,  27,  21, 216, 165, 113,   4, 243,  99,  93, 225, 234, 238,  48, 255
240,  26,  98, 207,  12,  66, 215,  50, 104, 255, 114, 237, 158, 216, 199,  95
242,  36,  66, 155,  31,  91, 142,  54, 129, 197,   1, 229,  14, 160, 149,  76
132,  30,  37, 152,   5,  19, 112, 244,  32,   3, 219, 167, 168,  14,   9, 180
 69, 178, 179, 178, 209, 225, 117,  35, 105,  60, 208,  72, 240, 120,  49, 151
234,  10,  66, 179, 117,  54, 123, 127,  90, 221,  36, 108, 124, 147, 104, 157
 80,  60, 246, 174,  86,  54, 254,  65, 202,   5,  34,  85, 115, 246,  51, 232
 92, 110,  90, 122,  57, 230, 132,  42, 224, 237, 237, 154, 177,  15, 199,  26
140, 122,   3, 176, 112, 157,  39,  61, 228,  77,  50,  44, 233, 137,  75, 217
 85, 213,   6,  55, 216,  14,  50, 239,  94, 178, 238,  59, 109,   9, 142, 217
173,  65, 170,  18, 132, 155,   5,  83, 138, 194,   5, 144,  90,  55, 105, 153
175, 199, 117, 213,  41,  86, 201, 174,  85, 245, 248, 180,  99, 142, 236, 211
216,  47, 115, 168, 228,  95, 190,  44, 214,  23, 131, 249, 133, 149, 172,  94
160,  87,  73,  66, 100,  11,  90, 229,  58,  56,  64,   9, 145,  91,   5, 255
247, 142,  77,  28, 218, 246,   6,  94,  56, 158,  70,  83, 165, 119, 213, 193
 98,  26, 107, 163,  98, 156,  51, 180, 248, 125,  74,  23, 102, 251, 116, 159
254, 167,  65, 106,  57, 136, 181,   5, 167,   7, 208, 110,  73, 122,  84, 201
 80,  53, 227, 103, 228,  41, 228, 149, 219, 149, 240, 137,  47,  49, 110, 243
116, 195, 200,  50, 224,  42,  80, 248,  35, 184, 240, 136, 122, 133,  61, 252
223,  41,  11, 141, 159, 138, 126,  87, 227, 138, 167, 186,  69, 126, 107, 141
 88,  91,  49,  21, 187, 217, 188,  41,  87, 208, 139,  20, 201, 150,  64, 110
111,  96, 227,  59,  68,  29, 240, 250,  87,  60,  52,  94, 124,  81,  36, 134
166, 198,  74,  21, 189, 225, 127, 227,  30, 192, 145,  60, 198, 110,  33, 238
231,  17,  43,  47,  51, 106, 104,  65,  71, 133,  88, 121, 186, 235, 184,  25
 44,  46, 114,  39, 169, 228, 228,   9, 255, 247,  69,  70,   4, 100, 186, 244
 18, 104, 143, 141,  39,  92,  10, 240, 220, 151, 179,  42, 165,  78,  35, 205
236, 164, 176, 189, 253,  71, 104,  78, 181,   4, 164,   3, 103, 181, 246, 201
 29,  84, 169, 230,  20, 153, 130, 188, 213, 204, 148,  17, 244,  51, 100, 244
175, 222, 199,  50, 134,  18, 170, 226,  69, 255,  94, 190, 193, 191,  32, 113
 69, 104, 181, 209,  23, 181, 181, 224, 158, 172, 132, 199, 170,  92,  92, 128
245,  62,  53, 147, 176,  60, 150, 146, 229, 190, 163, 233,  24,  84, 150, 243
199, 130,  72,  62,  41,  29, 139,  95, 183, 130, 148, 247, 107, 244,   3, 128
 78, 203,  26,  20, 201, 178,   1, 125, 247,  72, 246,  98, 193, 251,  71,  99
 65, 100, 114, 141, 202, 237,  48, 127, 239,  51, 153, 103, 120,  26,  88,  41
255, 179, 183, 130, 203,  67, 170,  25, 120, 211, 217,  42,  86,  24, 126,  99
223, 101, 223,  40, 231,   8, 189, 156, 245, 133,  22, 161, 125,  46, 126, 136
